Patents
MathWorks products are covered by one or more patents. 

MATLAB(R), MATLAB(R) Compiler, and other MATLAB family products
U.S. Patent Nos.: 6,857,118; 6,973,644; 6,993,772; 7,010,364; 7,051,333; 7,051,338; 7,096,154; 7,139,686; 7,165,253; 7,170,433; 7,181,745; 7,228,239; 7,231,631; 7,237,237; 7,296,054; 7,319,941; 7,340,441; 7,353,502; 7,359,805; 7,365,311; 7,369,070; 7,369,127; 7,400,997; 7,420,486; 7,428,737; 7,454,659; 7,454,746; 7,460,123; 7,500,220; 7,502,031; 7,502,745; 7,523,023; 7,523,440; 7,529,652; 7,542,888; 7,543,270; 7,558,712; 7,584,452; 7,605,814; 7,606,780; 7,606,833; 7,609,192; 7,610,578; 7,613,852; 7,624,372; 7,631,168; 7,634,530; 7,636,887; 7,636,914; 7,640,154; 7,647,213; 7,660,773; 7,664,720; 7,672,792; 7,672,910; 7,673,289; 7,680,637; 7,685,596; 7,690,004; 7,725,679; 7,725,883; 7,725,904; 7,730,166; 7,738,978; 7,739,283; 7,739,676; 7,743,087; 7,752,005; 7,752,138; 7,752,601; 7,752,636; 7,765,561; 7,769,576; 7,802,268; 7,805,466; 7,809,988; 7,823,168; 7,840,938; 7,844,431; 7,849,359; 7,849,470; 7,865,254; 7,873,502; 7,886,307; 7,890,198; 7,904,410; 7,908,313; 7,908,591; 7,921,406; 7,924,294; 7,925,791; 7,933,908; 7,958,490; 7,966,622; 7,975,001; 7,984,416; 7,987,227; 7,996,255; 8,006,313; 8,010,954; 8,032,582; 8,037,481; 8,041,790; 8,046,201; 8,046,736; 8,046,749; 8,046,777; 8,051,105; 8,051,408; 8,055,483; 8,055,598; 8,055,940; 8,056,053; 8,056,055; 8,056,079; 8,060,346; 8,060,421; 8,069,178; 8,108,717; 8,108,845; 8,112,741; 8,127,311; 8,130,239; 8,141,034; 8,156,493; 8,161,402; 8,165,413; 8,171,027; 8,185,556; 8,185,868; 8,190,400; 8,200,559; 8,200,560; 8,209,350; 8,209,419; 8,219,476; 8,225,300; 8,230,424; 8,230,427; 8,234,623; 8,239,844; 8,239,845; 8,239,846; 8,250,550; 8,255,889; 8,255,890; 8,260,602; 8,260,791; 8,265,916; 8,279,204; 8,280,661; 8,290,892; 8,294,704; 8,296,070; 8,300,060; 8,307,328; 8,312,423; 8,314,813; 8,321,847; 8,326,750; 8,327,029; 8,335,945; 8,346,526; 8,346,793; D613299

International Patents: Singapore 125712; Singapore 126195

Simulink(R), Real-Time Workshop(R), and other Simulink family products
U.S. Patent Nos. 5,612,866; 6,868,526; 7,010,744; 7,020,850; 7,089,223; 7,139,686; 7,139,687; 7,167,817; 7,170,433; 7,178,112; 7,237,237; 7,246,056; 7,275,026; 7,292,964; 7,296,054; 7,313,449; 7,319,941; 7,324,931; 7,337,102; 7,337,430; 7,350,172; 7,350,189; 7,353,146; 7,367,012; 7,369,070; 7,369,977; 7,398,192; 7,412,366; 7,412,367; 7,420,486; 7,420,573; 7,424,410; 7,424,684; 7,433,808; 7,433,812; 7,460,984; 7,464,373; 7,472,103; 7,478,016; 7,487,071; 7,487,076; 7,487,077; 7,487,080; 7,490,032; 7,493,619; 7,496,895; 7,500,209; 7,500,220; 7,502,031; 7,503,027; 7,509,244; 7,512,613; 7,519,516; 7,519,523; 7,523,023; 7,523,440; 7,523,443; 7,539,604; 7,542,888; 7,542,892; 7,543,184; 7,543,270; 7,555,731; 7,558,710; 7,558,712; 7,558,721; 7,567,890; 7,574,336; 7,580,962; 7,584,082; 7,584,465; 7,599,823; 7,605,814; 7,609,192; 7,610,256; 7,610,578; 7,613,589; 7,613,595; 7,613,716; 7,613,852; 7,624,000; 7,636,887; 7,640,154; 7,643,973; 7,665,025; 7,672,820; 7,680,632; 7,680,636; 7,680,637; 7,681,151; 7,689,389; 7,689,969; 7,689,970; 7,716,032; 7,720,656; 7,720,657; 7,720,662; 7,729,894; 7,734,455; 7,739,081; 7,739,655; 7,742,903; 7,743,361; 7,752,559; 7,761,273; 7,765,529; 7,769,570; 7,774,172; 7,783,460; 7,797,673; 7,797,674; 7,801,715; 7,805,398; 7,809,545; 7,818,730; 7,823,121; 7,823,122; 7,834,876; 7,835,889; 7,835,895; 7,840,913; 7,844,943; 7,849,394; 7,849,440; 7,853,922; 7,861,217; 7,865,254; 7,865,350; 7,873,500; 7,877,245; 7,877,248; 7,882,462; 7,885,792; 7,885,800; 7,890,198; 7,890,310; 7,890,542; 7,900,168; 7,900,188; 7,900,191; 7,904,280; 7,904,876; 7,913,222; 7,913,232; 7,925,477; 7,925,488; 7,930,153; 7,930,160; 7,933,755; 7,934,194; 7,941,299; 7,941,303; 7,945,431; 7,945,886; 7,949,502; 7,949,504; 7,958,454; 7,962,317; 7,966,161; 7,966,162; 7,966,562; 7,966,610; 7,969,452; 7,970,594; 7,974,820; 7,974,823; 7,974,825; 7,975,235; 7,979,243; 7,983,879; 7,991,598; 7,996,194; 7,996,255; 8,005,812; 8,010,335; 8,015,543; 8,015,544; 8,019,575; 8,019,579; 8,024,164; 8,024,167; 8,036,871; 8,041,551; 8,046,202; 8,046,207; 8,046,386; 8,046,708; 8,046,735; 8,046,751; 8,055,484; 8,055,494; 8,065,117; 8,090,565; 8,104,017; 8,122,354; 8,126,691; 8,131,523; 8,131,528; 8,135,565; 8,135,570; 8,140,302; 8,141,011; 8,141,060; 8,150,673; 8,156,147; 8,156,481; 8,160,844; 8,166,452; 8,166,456; 8,170,850; 8,174,540; 8,180,608; 8,180,619; 8,180,964; 8,181,150; 8,196,056; 8,200,807; 8,200,849; 8,201,140; 8,204,732; 8,209,158; 8,209,663; 8,214,783; 8,219,378; 8,220,006; 8,225,275; 8,225,276; 8,225,318; 8,230,395; 8,230,515; 8,234,098; 8,234,105; 8,234,625; 8,234,630; 8,234,637; 8,234,647; 8,260,597; 8,260,598; 8,260,601; 8,265,916; 8,271,245; 8,271,936; 8,280,712; 8,280,832; 8,286,129; 8,296,118; 8,301,423; 8,312,420; 8,312,421; 8,316,359; 8,335,945; 8,336,025; 8,336,030; 8,341,594; 8,346,526; 8,347,245; 8,352,505


International Patents: China ZL200580007811.3; Japan 4482563; Japan 4580926; Japan 4963232; Singapore 125712; Singapore 126195

Other US and international patents pending.

See www.mathworks.com/patents for the most recent list of patents.
